46.24269485473633
5.7526373863220215
6.7933783531188965
5.786448001861572
8.290053367614746
3.3434276580810547
10.45640754699707
10.111711502075195
2.2580761909484863
6.954753875732422
9.070322036743164
5.324267387390137
4.435436725616455
7.991976261138916
9.442606925964355
7.1818742752075195
4.702627182006836
3.0038936138153076
5.251367092132568
4.427674293518066
8.038395881652832
3.2777223587036133
11.05465316772461
0.8159039616584778
4.72162389755249
5.4802141189575195
7.755975723266602
8.733111381530762
2.123302698135376
7.419084548950195
2.809447765350342
10.161023139953613
8.022579193115234
7.447150707244873
5.016886234283447
6.966087341308594
5.247338771820068
5.152676582336426
8.319416999816895
6.044094085693359
3.3698480129241943
8.157137870788574
5.919307231903076
2.3054187297821045
3.0271995067596436
3.5403504371643066
6.069313049316406
3.2222495079040527
1.5723519325256348
3.681440830230713
8.515469551086426
1.2803298234939575
6.609456539154053
4.520944118499756
8.25385856628418
2.756770133972168
2.6144797801971436
5.155762195587158
5.32222318649292
1.2698347568511963
3.0589373111724854
7.074339866638184
2.159311532974243
1.6941609382629395
4.359201908111572
0.846981406211853
3.78519344329834
1.671372652053833
0.5123528838157654
3.7666923999786377
3.8929121494293213
3.5832345485687256
5.6335883140563965
3.416353940963745
2.4284210205078125
5.686495304107666
2.4116389751434326
6.323935031890869
2.794696807861328
3.638563871383667
4.2844953536987305
2.7307848930358887
3.9807474613189697
1.3899900913238525
3.051218271255493
3.517786979675293
4.59724235534668
2.074376344680786
4.602893829345703
3.640906810760498
5.80210018157959
3.3246240615844727
4.8840227127075195
4.173923015594482
2.460191488265991
4.169429779052734
2.1325297355651855
2.568150758743286
3.033435344696045
2.393787145614624
1.7262473106384277
4.467918872833252
5.652907848358154
2.224055528640747
4.077747344970703
3.828993320465088
5.656437397003174
1.2821943759918213
0.5915703177452087
1.4452464580535889
3.1987833976745605
4.60739803314209
4.211464881896973
2.4664676189422607
1.6415995359420776
5.252274036407471
4.872866153717041
2.599959373474121
4.038256645202637
0.9141325950622559
1.5934101343154907
1.3915767669677734
0.4037299156188965
0.5481829643249512
1.6091045141220093
1.060354471206665
1.0526962280273438
1.698320746421814
0.8874200582504272
0.20744694769382477
0.2314615696668625
1.6981433629989624
1.043299674987793
0.8301748633384705
0.8083489537239075
0.8975628614425659
1.1561646461486816
0.5302282571792603
0.4749673306941986
1.2691725492477417
0.7087306380271912
1.073655128479004
1.216330885887146
1.064475178718567
0.9446293711662292
0.5017279982566833
0.8527739644050598
0.7925084233283997
0.6753777265548706
0.31602367758750916
0.20433934032917023
0.7632409930229187
0.8257114291191101
0.6641501188278198
0.9098676443099976
0.2930857837200165
1.12663996219635
0.59111088514328
0.8063228726387024
0.4935218095779419
1.052860975265503
0.4893350601196289
1.0327939987182617
0.19832421839237213
0.23325027525424957
1.25205397605896
1.0511934757232666
1.2077810764312744
0.08931879699230194
0.6224275827407837
0.38590627908706665
0.7621762752532959
0.36302104592323303
1.469185709953308
1.936558723449707
0.10951842367649078
0.3531425893306732
0.43809330463409424
0.6806655526161194
1.0401630401611328
0.5799571871757507
0.29805371165275574
0.3663760721683502
0.5127958655357361
0.3786974549293518
1.397869348526001
0.3945595622062683
0.1588800996541977
0.4637613296508789
0.539353609085083
0.6681673526763916
0.4812297523021698
0.8366907835006714
0.7208170294761658
0.6183869242668152
0.6259261965751648
0.606010913848877
0.4621008038520813
0.4789644777774811
0.19956284761428833
0.2406180500984192
0.2465108186006546
0.599739670753479
0.9763204455375671
0.2802658975124359
0.31900596618652344
0.46622246503829956
0.17555436491966248
1.0557949542999268
0.40646716952323914
0.35348865389823914
0.7665804624557495
0.3007523715496063
0.8256329298019409
1.0733928680419922
0.14994512498378754
0.4503081440925598
1.1225874423980713
0.43730974197387695
0.6320573687553406
0.20625552535057068
0.35888487100601196
0.20696410536766052
0.3053086996078491
0.5910266637802124
0.39825159311294556
0.5229310393333435
0.5559273362159729
0.38827741146087646
0.6369421482086182
0.48730534315109253
0.37359848618507385
0.8530500531196594
0.5893552899360657
1.3320014476776123
0.3362745940685272
0.5743525624275208
0.8987955451011658
0.49861884117126465
0.10855560749769211
46.24269485473633
4.410820484161377
7.573862075805664
8.797819137573242
5.950626850128174
10.606244087219238
7.561660289764404
9.286295890808105
2.6574153900146484
13.015289306640625
2.206997871398926
10.024755477905273
5.284477233886719
9.22856616973877
8.261667251586914
4.848793029785156
9.403175354003906
8.902897834777832
9.431537628173828
3.8040406703948975
9.254892349243164
4.6947150230407715
6.643686294555664
4.891907691955566
4.0746965408325195
5.580094337463379
8.716303825378418
4.433345794677734
8.962100982666016
1.9506741762161255
7.464756965637207
6.229128837585449
7.650044918060303
4.347644805908203
8.992191314697266
3.6149721145629883
2.4314801692962646
5.90980339050293
8.490426063537598
3.436762809753418
8.346822738647461
5.238648891448975
46.24269485473633
8.55910587310791
6.156474590301514
10.1328763961792
7.202948093414307
9.251977920532227
5.165790557861328
10.484918594360352
4.225241184234619
8.3532075881958
4.1103739738464355
10.563987731933594
6.522810459136963
7.968129634857178
5.900266170501709
6.900160312652588
8.80545425415039
4.166857719421387
11.141809463500977
2.1864638328552246
9.461705207824707
8.049928665161133
7.674863338470459
6.284691333770752
5.244351863861084
6.209733009338379
8.548909187316895
4.755120754241943
8.824838638305664
5.018124580383301
8.649314880371094
3.921863555908203
6.92575216293335
5.954723358154297
10.084579467773438
3.2617404460906982
5.095755577087402
7.176319599151611
5.747837543487549
7.374238014221191
1.7868376970291138
7.401987075805664
2.0624542236328125
5.647972106933594
4.100666522979736
6.859148025512695
4.995136260986328
5.213509559631348
5.092113018035889
5.709871768951416
4.886413097381592
1.3962016105651855
3.1718857288360596
4.675597667694092
6.100360870361328
4.4707794189453125
6.196005344390869
5.063569068908691
7.148390769958496
1.101635217666626
1.8097436428070068
6.351468086242676
0.7495374083518982
5.846062660217285
1.3513561487197876
9.493646621704102
1.769568920135498
8.238933563232422
5.59413480758667
4.064155578613281
0.7395983338356018
5.728837490081787
1.894066333770752
6.728151798248291
7.149816989898682
2.6205499172210693
6.727297306060791
0.15454044938087463
3.9572505950927734
8.931814193725586
46.24269485473633
5.113094329833984
6.668514728546143
10.77014446258545
3.222944736480713
9.264586448669434
3.94997501373291
8.280458450317383
5.948353290557861
5.368490219116211
9.258661270141602
3.0105743408203125
1.3097214698791504
9.307173728942871
9.163190841674805
3.4411532878875732
9.840157508850098
7.289012432098389
3.9976179599761963
10.075163841247559
4.340304374694824
4.080328464508057
8.63521671295166
6.939858436584473
2.9354262351989746
6.07472038269043
12.517619132995605
3.7264132499694824
9.757795333862305
3.852743148803711
2.8044791221618652
5.643860340118408
33.023193359375
26.377119064331055
19.623573303222656
33.022098541259766
26.357646942138672
19.510757446289062
12.514382362365723
5.478541851043701
1.507989525794983
5.886786460876465
1.5200034379959106
49.5482063293457
3.755905866622925
10.827217102050781
11.706991195678711
8.274168014526367
47.74892044067383
