36.85200881958008
6.776311874389648
12.309467315673828
6.444491386413574
2.8886663913726807
6.192771911621094
4.630601406097412
1.5977736711502075
3.586277961730957
2.48828125
1.0909368991851807
10.014110565185547
2.9057600498199463
5.596589088439941
17.28936004638672
1.413370966911316
14.525135040283203
6.278627395629883
2.8630423545837402
4.76608419418335
3.5876059532165527
3.4601824283599854
1.8273099660873413
1.61566162109375
4.312644004821777
15.553659439086914
8.346938133239746
5.504805564880371
1.8625104427337646
3.793923854827881
0.39806053042411804
7.850245952606201
0.2599407434463501
1.832700252532959
7.566284656524658
1.40022873878479
2.0655152797698975
9.324117660522461
1.2362244129180908
3.1840147972106934
4.864500999450684
5.960843563079834
7.851923942565918
0.9029618501663208
6.176063060760498
6.369446277618408
2.7235167026519775
3.9831509590148926
0.5277506113052368
4.510879039764404
9.829910278320312
2.581775665283203
2.2012548446655273
2.04567551612854
6.887097358703613
6.563466548919678
1.0199404954910278
0.12205348908901215
3.7891268730163574
2.898984670639038
0.0983019769191742
0.8867528438568115
0.5584605932235718
2.271658182144165
0.6828795075416565
0.4877074658870697
1.324143648147583
0.5732485055923462
1.5770586729049683
2.205152988433838
5.700461387634277
2.8636457920074463
2.115640163421631
3.7058827877044678
0.21543240547180176
3.0693256855010986
1.6513283252716064
1.5164560079574585
0.7987233400344849
11.135751724243164
0.5304807424545288
3.7747039794921875
5.415643692016602
1.5922373533248901
1.0746103525161743
0.6381856203079224
2.063032388687134
1.1693897247314453
10.593438148498535
2.041059732437134
2.366645574569702
0.38504520058631897
1.543712854385376
8.88276481628418
1.0741727352142334
2.9191040992736816
2.52734637260437
0.8365694880485535
0.1969558298587799
6.2031378746032715
4.920495510101318
2.365774631500244
2.462202548980713
3.296051502227783
6.136444091796875
0.3641757369041443
2.370227336883545
5.941038131713867
0.11165325343608856
6.7538347244262695
0.8593870997428894
0.12666623294353485
4.350909233093262
5.863770008087158
1.2273099422454834
2.238616704940796
0.7700068354606628
2.355900287628174
4.588557243347168
7.415311336517334
